4 0.074219 0.437500 0.054688 0.125000
4 0.101562 0.600000 0.054688 0.125000
0 0.220312 0.258333 0.093750 0.125000
6 0.363281 0.315278 0.085938 0.152778
6 0.882031 0.306944 0.085938 0.152778
5 0.377344 0.516667 0.085938 0.166667
5 0.703906 0.515278 0.085938 0.166667
5 0.845313 0.502778 0.085938 0.166667
5 0.582812 0.525000 0.085938 0.166667
1 0.312500 0.836111 0.085938 0.125000
1 0.476562 0.838889 0.085938 0.125000
1 0.632031 0.844444 0.085938 0.125000
2 0.215625 0.833333 0.078125 0.125000
3 0.249219 0.590278 0.093750 0.097222