4 0.079687 0.490278 0.054688 0.125000
0 0.245312 0.265278 0.093750 0.125000
6 0.821094 0.325000 0.085938 0.152778
6 0.559375 0.309722 0.085938 0.152778
6 0.122656 0.311111 0.085938 0.152778
5 0.832812 0.511111 0.085938 0.166667
5 0.168750 0.515278 0.085938 0.166667
5 0.275781 0.522222 0.085938 0.166667
5 0.731250 0.511111 0.085938 0.166667
1 0.335156 0.843056 0.085938 0.125000
1 0.737500 0.827778 0.085938 0.125000
1 0.439063 0.837500 0.085938 0.125000
2 0.232031 0.826389 0.078125 0.125000
3 0.407031 0.448611 0.093750 0.097222